# A	0.1							255,255,255

# C 	0,0,-5		0,0,1 		90

# L 	5,0,-3			0.6	255,255,255

# cy			-1,-0.5,4	0,0,1   		4			2			0,0,255
# # sp	0,0,0		 		1				0,255,255

# pl -5,0,5		0,0,1                        255,255,0

A	0.1							255,255,255

C 	0,0,-5		0,0,1 		150

L 	5,0,-3			0.6	255,255,255

# sp	-1,-1,-1			1				0,255,255

# pl -5,0,0		0,0,1                        255,255,0

# pl 			0,-1,5		0,0,1			 255,255,0
 pl 0,0,10		0,0,1                        255,0,255
 pl 0,5,0		0,1,0                        0,0,255
 pl 0,-5,0		0,1,0                        0,0,255
 pl 5,0,0		1,0,0                        0,255,255
 pl -5,0,0		1,0,0                        0,255,255

# cy			-1,0.5,4	-1,0,0   		4			2			0,0,255